313311. 477

313135, Stephanus, 991. Buckinghamseire, 813 - cont.
Bufi, Race, 1133133, Rufinus, de, 309, 303, 309, 315, 340,

mmm mmmmm
Bu‘c', Ranulphus de, 430. 359, 355, 357, 361, 369,
1331133113,313. 333, 314, 331, 333, 333
3333111111, Ν131131333, 194. 384, 387, 397, 399, 416,
33311, Alexander de, 365. 419, 493, 494, 498, 439,
3331133 rus, 956. 431, 439, 436, 445, 446,
33311313, 1331611363, 989. 448, 449, 459.

33311316, 333316, - Τ113333131133 3131113, 931.

Eboraeensis, 6, 7. Bukingh,wi11ielmus de, 44, 335,
Buche, 986. 374, 493, 498.
3331136333, Willielmus de, 199. 33133313, 3331331363, 388.
3331133331, feodum in, 87. 3313133, 33113133, 1131131133 63,
3333131, 33331313, 131133333, 915, 441.

917, 390. 331311, 3333113313, 3111111313 uxor
Buddebroc, manerium de, 43. ejus, 53.

3363113, 33633113, Hugo de, 371, 33131113, 1311113333 63, 978.

389, 437. 3311311313, Andreas de, 347.
3363113, Budenho, 1131131133 filius Bulloqflugo, 493.

Hugonis de, 437. 33131316, 83313 63, 967.

33311, 3331333133 63, 416. 33133136, 13113 111, 195.
3331133, 333133, 3331, Η3311333 63, 33133136, 3111333136, 1111113133 63,

983, 984, 410. · 180, 907.

33113, Johannes, 969. 33313136, willielmus Peche 63,
31111313, 33311333 63, 394. 173.

33113111, Matilda de, 933, 965. 3333113, Alanus, 115.

311111, Christiana de, 178. 331, Simon de, 995.

331111, 13333333 63, 949. 33111336, 3363131133 63, 98.
331111, 13133333 63, 31 0331113 31131 3316, 33331113, 435.

3113311111 1131113. de, 113. ssffigfffflffi’ ³⁶4
3313333131336381363, 31. 331633, Reginaldus, 965.
3313333113, 13113, &a in, 74. Burdun‚ Robertus de, 973.
3311331311, 33113133, redditus, 813. 331633, Rogerus, 999.

in, 331, 331, 333, 333, Burdun‚ willielmus, 246, 249,
, 405, 410. 978.

3311333311, 1311363, 399. 331311331133113113363, 97.
33113136, Hugo de, 355. Bured‚ Hugo filius, et Rndulphus
33113135, willielmus de, 134. filius ejus, 99.

3311133133, 333311 apud, 937. 33131, 331311, 31331633, 945, 948.
Buldnghamscire-Buckingh-Buk, Burel, Rogerus, 45. .

813, 7, 15, 44, 49, 61, 96, Butes, terra 13, 305, 385.

100, 990, 991, 999, 993, 33133, villata de, 189.

995, 997, 999, 931, 939, 311133, Andreas de, 181.

933, 934, 936, 939, 943, 33133, 3316331333 63, 105.

945, 947, 948, 951, 955, 311133, Hug‘o de, 181.

959, 960, 969, 964, 966, 311133, Robertus de, 989.

971, 978, 989, 990, 991, 33133, Simon de, 198, 199.

999, 994, 997, 999, 301, 311133, walterus de, 189.

 

