576 1119311.

11959111, 111111919193 01193, 97, 98, Roberti de Richjnhale, 11ῃὲοῇῃῆ .

104, 105, 118, 150, 171, 1. .
172, 190, 226, 233, 244, 11959111 119 8911319, Simon 01193,
243, 249, 272, 277, 233, 233.
293, 293, 393, 313 324, nobem de Taidefi, 1111113133
331, 333, 413, 423 11113199.
1195911111113101193, 324. 11959111 119Τί11, 1119311193 01193, 127.
11959111, Η91133 113191, 408 11959111 Walensis, Petronilla 0113,
11959111, Stephanus frater, 47. 262.
11959111,(191311193ρ3191, 403. 11959111 119 Η33119ξ, Alexander
11959111, 01119193 puter, 409. 113191, 318
11959111, 1119311193 puter, 56. 119591193, 4, 48, 49, 85, 115,
11959111,11’1111919193 puter, 175. 121, 142, 143, 152, 154,
11959111, 491913 uxor, 269. 164, 173, 191, 208, 224,
11959111, Ε19911113 quae 1911 91191, 228, 235, 237, 238, 249,
351. 278, 291, 316, 330, 34⁰,
11959111, Sarra uxor, 404. 343, 349, 351, 363, 368,
11959111, Rogerus 011113 Ν19113131 372, 377, 378, 379, 399,
0111, 121. 404, 408, 437.
11959111 0111 11193131, Williehuus Robertus 01193 4931111, Acbari,
011939159193, 42, 43. 411311, 117, 435, 439.
11959111- 0111 11959111, Johannes 1195911113 01193 41119, 149, 400.
113191, 34. 119591193 filins Ailboni, 296.
11959111 0111 Simonis, ingeramus 119591193 0111941391238417,434
113191, 33. ’ 119591193 011113 4119131, 378.
11959111, Alanus frater Willielmi 11959119301193 41919111, 8.

0111, 423. 1111591193 01193 Ambrosii, 157, 436.
11959111, 1911311993 1111191 Clementis Robertus 01193 Angelli 254.

filii, 228. 1191191193 01193 43991191, 362, 4411,
11959111, 1911391193 113191 Ν1959131 441.

0111, 411. 1191191193 01193 49191111, 15.
11959111, 19539993 113191 11959111 Robertus filius Β311111911, 343, 349.

0111, 34. 119591193 011113 119193911, 212.
Roberti de Anhu9‚ 11399119301193, Robertus 01193 1111191951, 136.

397. 119591193 01193 Ε1913, 274.
1195911199Β3119119,19113999301193, 119591193011931119131111, 448

179. , 1195911113 01193 (1311111, 142.
Roberti 119 Β919 Ρ91959, 119591193 1111591193 01193 (13901111, 443
filius, 131. 11959119301193 (19131111, 330.
11959111 (191191119ξ, Radulphus 11959119301193 (11159111, (11195910,
, finus, 165. 119, 272.
11959111 119 Cungestoii, Willielmus Robertus 01193 (19111191, 346.
01193, 114. 1195111193 01193 Godwini, 287.
11959111 Ε111911,41139101193, 98 1195911113 01193 (1959111, 199.
11959111 119 113395111111191199301193, 1111591193 01193 (19139310, 343.
85. . 119591193 011113 Η9119913, 172.
Roberti de Mideltoii, Willielmus 119591193 01193 Η9111191, 75, 117.
01193, 431. 1195911113 011113 Η9159111, 32, 274.
11959111 119 Orblinge, 49111933 01193, 119591193 01193 Η959111, 245.

10. - .' ψ 1195911113 01193 19119113, 108.

 

