574 11511.

1115511153 111153 351115151ηωί, 2 1115511153 111153 1111111111, 231, 259,
32. 2851 428.
1115511153111153 Basilii, 428. 1115511153111153 11555111, 91, 117,
1115511153111153 Β5151111, 183. 121, 223, 247, 250, 272,
1115511153 61153 Bertiii, 453. 273, 297, 332.
1115511153 61153 Β51115111, 304,ζ 1115511153 111153 Rogeri, 123, 222,
15 mwfflwffim
1115511153 61153 Bigaii, 243. 385, 393, 415, 418
1115511153 61153 05111, 2. 1115511153 111153 Simonis, 266.
1115511153 61153 Daie, 324, 346. 1115511153 61153 Thomoe, 62.
1115511153 111153 David, 165, 220, 1115511115111153Τ15115, 91, 278.
235. 1115511153 61153 Τ51315111, 172.
1115511153 61153 11515511, 230, 312 1115511153 61153 walteri, 49, 60,61,
1115511153 111153 Ε115155111, 185. 364.
11155111113111153 Eilildae, 84. 1115511153 111153 1151151, 298.
1115511153 61153 Ε1551111, Ε11151111, 1115511153 61153 1111151113, 283.
227, 301. 1115516156115311111151511, 27, 31,
1115511153 111153 1115151111, 335. 70, 71, 73, 115, 131, 151,
1115511153111153115151111, 200, 201, 201, 240, 253, 263, 266,
248, 251, 252. 292, 294, 297, 301, 325,
1115511153 111153 (15115151, 179. 345.
1115511153 filins Gwidonis, 110. 1115511153 111153 Willielmi filii Gui-
1115511153 111153 115515513, 246, 249, 1151113, 25, 91.
310, 351, 417. 1115511153 frater Eliae, 260.
1115511153 111153 Η551151, 211, 265, “ 1115511153 pater Albini, 415.
405, 415. 1115511153 pater Benedicti, 443.
1115511153 filius Huberti, 12, 178, 1115511153 pater 11565111, 56.
183, 197, 239, 332, 428. 1115511153 Anglicus pater Adoe, 195,
1115511153 61153 Hugonis, 244. 196.
1115511153 61153 1511511513, 234. 1115511153 Persona de Cotingham,
1115511153 611113 15111551, Jurdani, 85.
123, 143. 1115511153 61153 111551111 Τ1551, 26.
1115511115 61153 Iuetae, 100. 1115511153 61153 35551513 115 Β51115-
1115151153 61153 Mutandae, 133.

11155165361153 Μ1151, 238
1115511153111153 1115115151, 102, 118, 11511511, 432.

288. 1115511153 111153 Henrici de clena,
1115511153 filius Nigelli, 112, 128, 70.

130, 328, 426. , 1115511153 61153 Pagani de 111511,
1115511153111153 Normanni, 201. , 112.
1115511153 61153 osberti, 69, 95. 1115511153 61153 3311515111 115 Care,
1115511153 61153 Ρ5111, 103, 270, 314.

309, 382, 388. 1115511153 61153 11555111 de Tid,
Ricardus 61153 Philippi, 234, 274, 127.

279, 289. 1115511153 61153 willielmi de Hen-
Ricardus 111153 Radulphi, 11555111, toi, 45.

152, 225, 268, 274, 277, 1115511153 filius willielmi de Mun·

mffifflmffiffl fflmQffim

437, 446. 1115511153 115151 Aluredi Fabi,
1115511153 111153 1153155161259. ¹ 324.

 

