INDEX.

Warinus filius Gilberti, 304.
11911909 filius 1011911011, 155.
11911909 filius Reginaldi, 140.
11911009 filius Roberti‚ 115, 122.
119111109 111091191190, 232, 233,
300, 383.
11911009111109 willielmi, 185, 270.
11911909 11919169011101 111111111-
11911111, 178.
11911909 pater Humfridi de 1111191,
11911009 pater 11-03911 0011119111,
119111111131111,111991009 09, 295.
119111, 1101191109, 282. ·
Warnebume' m 8001111111, 999011
apud, 106,107.
1191091010, 1101191109 09, 411.
119111911,11039109 filius, 254.
1191011139, (3911110091 09, 137.
119119, 09 19, Sarra de, 221, 222.
119119,99111111’09, 163.
119119,(190111009, 224.
11911919, Μ919196, 107.
1191119, 0911011191 09, 295, 437.
119109199, 1111119909, 424.
11999οἱ11, Willielmus de, 91Μ911109
uxor ejus, 319, 384.
119990111, 1111119111109 09, 384.
1191911911, 1199119111, 11039109 09, 30,
- 99, 40, 911.
119911911111111111009 11919111911911,
1199190119, 11039109, 4.
1199191101,1911911191110111 in, 66.
11991, 1119911009, 192.
11991911, 111991009, 225.
1199119919, Philippus de, 303, 410.
11991011, 11019991991110111111, 174.
1199119110119110909, 426.
1191111910, lib tenementum in, 405.
119191910, Adam de, 405.
11919191011911119909, 206.
1191111099, 11039109 de, 94.
1191911111, Ηο3024 09,24
1191911111, Robertus de, 61.
1191991910, Ν191101909 09, 102.
1191991910, 1101191109 09, 102.
1191911111, 1101191109 09, 141.
11911010, Ε1191991110909, 406.

603

119110109, 111991ου909, 149.
1191119111, Μ191199109, 267.
119019199190, campi de, 162.
119119919190, (19011ἰο0909, 91 uxor
ejus, 323.
1190193991011, 1101191109 09, 104.
1190193109, 1191191109 09, 18.
1191011, Ρ 0909, 284.
1191911, Jffines de, 122.
11911919, Α191109 09, 206.
11911011, Η9191191109 09, 355.
11911011, Ρ110109, 949, 278.
11911011, Radulphus 09, 171.
11911011, 11039109 09, 246, 249.
11911011, 1111119111109 09, 224.
1190119οο11, Ηο3ο 09, 167.
1190990011, 1190090911, (1111191109
’ 09, 20, 97.
119091, Guarinus de, 171.
1190911011, Ηο30 09, 290.
119019, Β9111911109, 136.
119019, 119190, 1119111009 09, 6, 60,
119011, 1111919111991111 in, 391.
11919093,Αο119909, 228.
119019, 119001111109111, 1.
11090011, (10111109 09, 302.
11013919, 1111119111109 09, 9189111119
0110191119, 371.
119111 filius 1101019991300.
11919110, 91 Α1111909 uxor ejus, 299.
11919110, 1011911999, 222.
11919199, 999011 9 pud, 151
11919999, 90100 Ρ99919919 09, 165,
119111191, 1111119111109, 61. .
weit, Petrus de, 343, 350.
119119119, 1111119111109 09, 98.
11911911091, Ηο30 09, 103.
1191191101,1111119111109 de, 97.
1191199019, Stephanus de, 265.
1191191010, ......... 09, 257.
1191199, (1911199109 09, 93.
1191199, Ηο30 09, 291, 435.
1191199, 1101191109 09, 93, 127.
119111111011, 1190011111οε 09, 306.
1191111911, 109909 111109, 79.
119111919,Αο9111, 404.

1191110313ᾓῦ tenementum in, ·

 

