482

0116696, 1911616, 374.
0116691, 0616166966, 20, 96.
011661, 11939169 69, 236.

0191191161, terra in, 76.
01991191, Elias, 394.
011669, ricardus, 228.
0166616916619, 11116966, 300.
0119699196, 0196999196, Η61191169
69, 275, 393.
01911616, 19116, 816611, 80, 420.
01916, 1191161169 19, 288.
0161696611, Radulphus de, 172.
0116191669, Η639 69, 72.
016191916, 19116, 319. 16, 32, 81.
016161616, Leria de, 32.
019191916, Lucas de, 81.
0119161969, Willielmus de, 44.
0116119916, 1666911616 69, 436.
019169191916, hundredum de, 202,
019199, 1161161111 66, 267.
0196196191, 19116 16, 5.
0119691, 11939169 66, 198.
01196111 616, Prior de, 429.
01916, ’961669 69, 105.
01915913, Thomas 69, 123.
0191196166, Thomas de, 122.
0161616196, Robertus 6669619661
de, ll.
0191911619, 11111169 66, 130.
0191916196, 19166699 69, 140.
0119166111, 119661616969, 241.
0119196111, 66119169 69, 241.
0191133, Adam de, 8.
0119116196, 11936169 69, 72.
Cherinun, Johannes de, 222.
01911166, advo& ecclesioe de, 240.
0119111, 19119 16, 353.
0191191911, 1911616, 434.
0116119196199661616, 383.
0191191196, pratum in, 366.
011916116166669, 79.
01911163, Philippus 0619161169 69
cherum, 6196166969, 238.
016991, 19166699, 294.
01991616, 11939169 Ρ19911161 69,
01991161, 16116, 819. 16, 355.
01691111, 11916169 66, 355.

»INDEX

01199661, willielmus de, 274.
0191911969, 1191191169 69, 55.
0196611,11’611916169 69, 203.
0196611639116169, Η9611969 69, 91
Η9611969 61169 6169ι 116.
Cheure, Willielmus 61169 odfridi,
0116619616, 1161169, 367.
011661616166119169, 188.
0111591616, Α6616 66, 115.
011919919, 1166911669 69, 115.
01191661991916, burgus de, 202.
0119111666116116169, 164.
0111391616, 99996 apud, 225.
Child......‚ 0116111669 69, 158.
0111169, Simon de, 149.
0166196916, Η9611969 66, 142.
01661119, 0166111669 69, 156.
011616, 1966116916, 309.
0161161169, terra de, 425.
0111191616, Runnulphus 66, 425.
chilion, Robertus de, 133.
01111616, Elia 661, 181.
01161639, Adam de, 141.
0111111911, 69919916 69, 317.
0119961οηί196, Μ911666 69, 296.
0119661911, 0911119669 69, 420.
0119116911, 1116119169 69, 435.
01119191, 19119, 819. 111, 442.
0111691, Magister Helias de, 3.
011616, 0119111166 66, 197.
011661, 0111611, Willielnrus 69, 174,
Chiuili‚ Sarra 6116 willielmi de,
chivilli, Leticia de, 122.
Cholle, Absolon‚ pater Absolonis,
326.
0191611166, walterus, 123.

0196669116116969, 236.
0111911611, walterus, 237.

0111911666, Philippus 61169, 306,
(1.303111119119, 819.)

01111111161911669, 113.

0196911, 99919916 3969119 Trinitatis,

0199916161119991169, 12.

019691634133936513 9106696191 69,

 

