INDEX.

6011111, 1101101100 filius, 142.

(1011111011, Reinfridus de, 108.

60111010, 6011010, (10110100, Ro-
bertus 60, 5, 76, 115.

(1011101011, 6010010101, 111001600
60, 231, 806, 312.

(101001), Petrus 60, 105.

601006, Willielmus de, 105.

6010011, 110ςο100 60, 101.

, 601001011, terrain, 166.

Gatinge, Nicholaus de, 189.

(1006101100, 272.

(100611131οῆ, Ν1001000 01011000 60,

60001, 1106010100 60, 379.

(1001110, 1010111100, 222.

601101, 171.

60661οξ, 0000110006, 118.

6066οξ, Adam de, 223.

60661οξ, 110100 60, 201.

60661οξ, Ηο1011000, Ηο10010οΗ01-
10110, 15, 16, 17, 118, 223.

(1066οξ, Thomas de, 241, 429.

(1060100101, 0001101 ple& in, 163.

6060100101, (1060100101, (10610101,
terra, οο, 153, 163, 167,

(1060100101, 6111016110 60, 167.

(1061111011, 1106010100 60, 116.

(1061111011, Willielmus 60, 116.

601010, 10110 in, 324, 346, 423.

6011011, 111001600 60, 230.

6016101101, Prior de, 269.

6011001, 110101100 60, 0160011600
filius ejus, 173.

6011010111, - assisa, 810. 0006, 54.

601101, Ηο0061100, 331.

6001010, 8001001100 60 800010, 272.

Geor ὀ, 1111101100 60 800010, 272.

601, 01000 filius, 104.

(1010111, 11011011 60, 324.

6010161, Warinus filius, 171.

(101011, willielmus, 136.

(101016, willielmus, 165.

6010161, Adam filius, 287, 407.

6010161, 111010 quae fuit uxor, 151.

6010161, 110ηο010100 filius, 447.

(1010161, 11100160011100, 200, 201,
248, 251, 252.

6010161, 1101011110 filius, 330.

521
(1010161, Walterus filius, 212.
6010161, Willielmus 111100, 184,195,
(10101616060110111, 1100001010101,
6010161660 Ηο010111, 6110101100
1100, 198.
00111110, 100 100 000, 001, 013.
60101600 filius Drui, 100.
(1010160011100 Ernoldi, 188.
(10101600 filius Galfridi‚ 42.
6010160061100 6010161, 126.
60101600 filius willielmi, 186.
60101600 00101 11010111, 403.
60101600 0101100100 Ednochi filii
Rogeri, 180.
(10101600 puter Adoe filii (1010161,
601106, Ηο110, 209.
6011060, Willielmus, 297.
(10160, 1100101600, 346.
(10160100, 0000110006, 293.
60160100, 6016010, 11ίο01600 60,
Germano, Willielmus 60 Sancto,
Germanus, 206.
60100100, 1101101100, 117. ·
6011101100, 1000000010, 810. in, 373.
6011101100, 00101001010 0006, 387.
6011101000, Abraham de, 320, 321.
6011101100, Abraham de, 01 Μο111-
da uxor ejus‚' 373.
6011101100, Ηο111100060, 230.
6011011100, Ηο110110060, 232.
(1011101100, Μο1116060, 263.
(1011101000, 1106010100 60, 237,
240, 286, 380.
6011101000, Simon de, 01 Alicia quoe
fuit uxor ejuS, 372.
(10111011, 111010, 152.
(10111010, 11011, 197.
60100111, 1110111600, 284.
60111010, Ε6000 810110, 304.
(10111011, Alfelmus, 171.
(10111011,Ι.00, 113.
60111011, Ρο1100, 355.
60111011, 1106010100, 35.
(10111011, willielmus, 01 christiana
uxor ejus, 164.

 

