INDEX.

0911011, tem, 810. 11, 444.
0911011, 1101191119 69, 114.
091009, ,101191199 6919, 261.
0919, Ρ91199 69, 166.

0999, 1110916119 69, 166.
09111111, 999011 apud, 247.
09111111, 11111191111969, 43.
0999919, 19119 69, 381.
0999919, 1011911199 69, 381.
0999919, Radulphus le, 121.
09991011, 11089119 69, 21, 347,
09111011, 1101191119 69, 304.
09999, 1110916119 69, 266.

09119, 11ίο9169969, 243, 453.
09111, 1100911119 69, 91 Lucia quae
fuit uxor ejus, 83.

09111, 11089199 69, 149, 153, 279,
286, 397.

09111, walnerus de, 91 Ρ191119 quae
1111 uxor ejus, 42, 80, 89,

Cave, (1911169969, 153.

Cave, 111091699 69, 168.

Cave, 1110916119 filius 1191191111ῐά9,

Cave, 1111111911119 111119 1110916169,

09191611, (111111911119 69, 96.

0911198, (11119111 69, 326.

0901119, 0011111999, 144.

0901119 filia Η91191, 35, 36.

0901119 filia H onis, 399, 431.

0901119 mater 11911101, 393.

09011191191911991191199, 427.

0901119 11919111111191111 69 39111101),

0901119 90101 11099199 69 09111119-
11911, 444.

0901119 uxor Adae de sanford, 120.

0901119 uxor Henriei Ρο101, 256.

0901119 uxor 101191119 69 391111,

0901119, 09011119, 1101119611Ρ111 11111
11189111, wiggeifi, 1911119
Radulphi Wiggein, 20, 122.

0901119 uxor Warini de 3911011,

0901119 uxor willielmi filii Τ110161
091Τ1119161, 14, 15, 73.

1101. 01111. 1110.

181

0901119 uxor ........., 242.

0901119 quae 1111111101 ...989 85.
09011199, Α11019 90101, 36.

09199119, 428.

091191, 0911116119 69, 39.

0911111011, 091111, 11089199 69, 90,
09111011, 1101191199 69, 271.
0911118, Adam de, 131.

09191011, Willielmus de, 120.
09119919, 9001991969, 386.
09119919, 0911999111, Α111199 69, 307,

342, 348, 386.

’ 09919111υηῖ, boscus de, 161.

0991911011, terra in, 325, 327.
0991191011, Α11019 69, 255, 432.
0991191011, Willielmus de, 132.
09911, 001199, 43, 118, 119, 277,
288, 313, 335, 437.
0991111911, Τ111911969, 176.
0196991916, 9190119896, 245.
0119111911, Petrus de, 79.
0119111911, 0119111919, Simon de, 79,
0111111609, Μ911169 69, 237.
0119111910, Ρ91111969, 94.
01191111, 1110111619, 301.
01191911916996911, 111091619 69,
019110911918, Ν10019119, 367.
0119119191199 69 Η91910111,11191191119,
01191991, Hubertus 69 Μο119, 402.
0119119111911, 6111110119, 264.
01191111, 11ίο91699, 232.
0191910191199, 422.
01191191101191199, 421.
011916919911111, (11116069, 238.
01191991916,961οὸ 9001199 69, 124.
0119119199, 01191191, 01191111, 11180
de, 319, 394.
0119119199, Willielmus 69, 409.
chartres, Walterus de, 222.
Chaucumbe, Η1180 69, 109, 112,
128, 130, 429, 430.
011990911119,101191199 69, 81 Ho-
619119 uxor ejus, 430.
0199691911, Ρ110169, 424.
0119111911, 999011 apud, 251.
0119919181οώ, Η911101969, 72.

 

